1|1|5.0
2|1|5.0
3|1|5.0
4|1|5.0
5|1|5.0
6|1|5.0
7|1|5.0
8|1|5.0
9|1|5.0
10|1|5.0
11|1|3.5
12|1|5.0
13|1|4.5
14|1|5.0
15|1|5.0
16|1|5.0
17|1|4.5
18|1|5.0
19|1|5.0
20|1|5.0
21|1|5.0
22|1|5.0
23|1|5.0
24|1|5.0
25|1|5.0
26|1|5.0
27|1|5.0
28|1|5.0
29|1|5.0
30|1|4.0
31|1|4.0
32|1|5.0
33|1|4.5
34|1|5.0
35|1|5.0
36|1|5.0
37|1|5.0
38|1|5.0
39|1|4.0
40|1|5.0
41|1|5.0
42|1|5.0
43|1|5.0
44|1|5.0
45|1|5.0
46|1|5.0
47|1|5.0
48|1|5.0
49|1|4.5
50|1|4.0
51|1|5.0
52|1|5.0
53|1|5.0
54|1|5.0
55|1|5.0
56|1|5.0
57|1|4.5
58|1|5.0
59|1|5.0
60|1|5.0
61|1|5.0
62|1|5.0
63|1|5.0
64|1|5.0
65|1|5.0
66|1|5.0
67|1|5.0
68|1|5.0
69|1|5.0
70|1|5.0
71|1|5.0
72|1|5.0
73|1|5.0
74|1|5.0
75|1|5.0
76|1|5.0
77|1|5.0
78|1|5.0
79|1|5.0
80|1|5.0
81|1|5.0
82|1|5.0
83|1|5.0
84|1|5.0
85|1|5.0
86|1|5.0
87|1|5.0
88|1|5.0
89|1|5.0
90|1|5.0
91|1|4.5
92|1|5.0
93|1|5.0
94|1|5.0
95|1|5.0
96|1|4.0
97|1|5.0
98|1|5.0
99|1|5.0
100|1|4.5
101|1|5.0
102|1|5.0
103|1|5.0
104|1|5.0
105|1|5.0
106|1|5.0
107|1|5.0
108|1|5.0
109|1|5.0
110|1|5.0
111|1|5.0
112|1|5.0
113|1|5.0
114|1|5.0
115|1|4.5
116|1|5.0
117|1|5.0
118|1|5.0
119|1|4.5
120|1|4.5
121|1|4.5
122|1|5.0
123|1|5.0
124|1|5.0
125|1|5.0
126|1|5.0
127|1|5.0
128|1|5.0
129|1|4.5
130|1|5.0
131|1|5.0
132|1|4.5
133|1|4.0
134|1|4.0
135|1|5.0
136|1|5.0
137|1|5.0
138|1|5.0
139|1|5.0
140|1|5.0
141|1|5.0
142|1|5.0
143|1|5.0
144|1|4.5
145|1|5.0
146|1|5.0
147|1|5.0
148|1|5.0
149|1|5.0
150|1|5.0
151|1|5.0
152|1|4.0
153|1|5.0
154|1|5.0
155|1|5.0
156|1|5.0
157|1|5.0
158|1|5.0
159|1|5.0
160|1|5.0
161|1|5.0
162|1|5.0
163|1|5.0
164|1|5.0
165|1|5.0
166|1|5.0
167|1|5.0
168|1|5.0
169|1|5.0
170|1|5.0
171|1|5.0
172|1|5.0
173|1|5.0
174|1|5.0
175|1|5.0
176|1|5.0
177|1|5.0
178|1|5.0
179|1|5.0
180|1|5.0
181|1|5.0
182|1|5.0
183|1|5.0
184|1|4.5
185|1|5.0
186|1|5.0
187|1|5.0
188|1|5.0
189|1|5.0
190|1|5.0
191|1|5.0
192|1|5.0
193|1|5.0
194|1|5.0
195|1|5.0
196|1|5.0
197|1|5.0
198|1|5.0
199|1|5.0
200|1|4.5
201|1|5.0
202|1|5.0
203|1|5.0
204|1|5.0
205|1|5.0
206|1|5.0
207|1|5.0
208|1|5.0
209|1|5.0
210|1|5.0
211|1|5.0
212|1|5.0
213|1|5.0
214|1|4.0
215|1|5.0
216|1|5.0
217|1|5.0
218|1|5.0
219|1|5.0
220|1|5.0
221|1|5.0
222|1|5.0
223|1|5.0
224|1|5.0
225|1|5.0
226|1|5.0
227|1|5.0
228|1|5.0
229|1|5.0
230|1|5.0
231|1|5.0
232|1|5.0
233|1|5.0
234|1|5.0
235|1|5.0
236|1|5.0
237|1|5.0
238|1|4.5
239|1|5.0
240|1|4.0
241|1|5.0
242|1|5.0
243|1|5.0
244|1|5.0
245|1|5.0
246|1|4.5
247|1|4.5
248|1|4.0
249|1|5.0
250|1|5.0
251|1|5.0
252|1|5.0
253|1|5.0
254|1|5.0
255|1|5.0
256|1|5.0
257|1|5.0
258|1|5.0
259|1|5.0
260|1|5.0
261|1|5.0
262|1|4.0
263|1|5.0
264|1|5.0
265|1|5.0
266|1|5.0
267|1|4.5
268|1|5.0
269|1|5.0
270|1|5.0
271|1|3.5
272|1|5.0
273|1|5.0
274|1|5.0
275|1|4.5
276|1|5.0
277|1|5.0
278|1|5.0
279|1|5.0
280|1|5.0
281|1|5.0
282|1|5.0
283|1|5.0
284|1|5.0
285|1|5.0
286|1|5.0
287|1|5.0
288|1|5.0
289|1|5.0
290|1|4.5
291|1|5.0
292|1|5.0
293|1|5.0
294|1|4.0
295|1|5.0
296|1|5.0
297|1|5.0
298|1|5.0
299|1|4.5
300|1|5.0
301|1|5.0
302|1|5.0
303|1|5.0
304|1|5.0
305|1|5.0
306|1|5.0
307|1|5.0
308|1|4.0
309|1|5.0
310|1|5.0
311|1|4.5
312|1|5.0
313|1|4.5
314|1|5.0
315|1|5.0
316|1|5.0
317|1|4.5
318|1|5.0
319|1|5.0
320|1|5.0
321|1|4.5
322|1|5.0
323|1|4.0
324|1|5.0
325|1|5.0
326|1|5.0
327|1|5.0
328|1|5.0
329|1|5.0
330|1|5.0
331|1|5.0
332|1|5.0
333|1|5.0
334|1|5.0
335|1|5.0
336|1|5.0
337|1|5.0
338|1|4.5
339|1|5.0
340|1|5.0
341|1|5.0
342|1|5.0
343|1|5.0
344|1|5.0
345|1|5.0
346|1|4.5
347|1|5.0
348|1|5.0
349|1|4.5
350|1|5.0
351|1|5.0
352|1|5.0
353|1|4.5
354|1|5.0
355|1|4.5
356|1|5.0
357|1|5.0
358|1|5.0
359|1|5.0
360|1|5.0
361|1|5.0
362|1|5.0
363|1|5.0
364|1|5.0
365|1|5.0
366|1|5.0
367|1|5.0
368|1|5.0
369|1|5.0
370|1|5.0
371|1|5.0
372|1|5.0
373|1|5.0
374|1|5.0
375|1|5.0
376|1|4.5
377|1|5.0
378|1|5.0
379|1|5.0
380|1|5.0
381|1|5.0
382|1|5.0
383|1|4.5
384|1|5.0
385|1|5.0
386|1|5.0
387|1|5.0
388|1|5.0
389|1|5.0
390|1|5.0
391|1|5.0
392|1|5.0
393|1|4.5
394|1|5.0
395|1|5.0
396|1|5.0
397|1|5.0
398|1|5.0
399|1|5.0
400|1|5.0
401|1|5.0
402|1|5.0
403|1|5.0
404|1|5.0
405|1|5.0
406|1|5.0
407|1|4.5
408|1|5.0
409|1|4.5
410|1|5.0
411|1|5.0
412|1|4.5
413|1|5.0
414|1|5.0
415|1|5.0
416|1|4.5
417|1|5.0
418|1|4.0
419|1|5.0
420|1|5.0
421|1|4.5
422|1|5.0
423|1|5.0
424|1|4.5
425|1|5.0
426|1|4.5
427|1|5.0
428|1|5.0
429|1|5.0
430|1|5.0
431|1|5.0
432|1|5.0
433|1|5.0
434|1|5.0
435|1|4.5
436|1|5.0
437|1|5.0
438|1|5.0
439|1|5.0
440|1|5.0
441|1|5.0
442|1|5.0
443|1|5.0
444|1|4.0
445|1|5.0
446|1|5.0
447|1|5.0
448|1|5.0
449|1|5.0
450|1|5.0
451|1|4.0
452|1|5.0
453|1|5.0
454|1|5.0
455|1|5.0
456|1|5.0
457|1|5.0
458|1|4.5
459|1|5.0
460|1|4.5
461|1|5.0
462|1|5.0
463|1|5.0
464|1|5.0
465|1|5.0
466|1|5.0
467|1|5.0
468|1|5.0
469|1|5.0
470|1|5.0
471|1|5.0
472|1|5.0
473|1|5.0
474|1|5.0
475|1|5.0
476|1|5.0
477|1|5.0
478|1|5.0
479|1|5.0
480|1|5.0
481|1|5.0
482|1|5.0
483|1|5.0
484|1|5.0
485|1|5.0
486|1|5.0
487|1|5.0
488|1|5.0
489|1|5.0
490|1|5.0
491|1|5.0
492|1|5.0
493|1|5.0
494|1|5.0
495|1|4.0
496|1|5.0
497|1|5.0
498|1|5.0
499|1|5.0
500|1|5.0
501|1|5.0
502|1|5.0
503|1|5.0
504|1|5.0
505|1|5.0
506|1|5.0
507|1|4.5
508|1|5.0
509|1|5.0
510|1|4.5
511|1|5.0
512|1|5.0
513|1|5.0
514|1|5.0
515|1|5.0
516|1|5.0
517|1|5.0
518|1|5.0
519|1|5.0
520|1|5.0
521|1|5.0
522|1|5.0
523|1|5.0
524|1|5.0
525|1|5.0
526|1|5.0
527|1|5.0
528|1|5.0
529|1|5.0
530|1|5.0
531|1|5.0
532|1|5.0
533|1|5.0
534|1|5.0
535|1|5.0
536|1|5.0
537|1|5.0
538|1|5.0
539|1|3.5
540|1|5.0
541|1|5.0
542|1|5.0
543|1|5.0
544|1|5.0
545|1|5.0
546|1|5.0
547|1|5.0
548|1|5.0
549|1|5.0
550|1|5.0
551|1|5.0
552|1|5.0
553|1|5.0
554|1|5.0
555|1|5.0
556|1|5.0
557|1|5.0
558|1|5.0
559|1|5.0
560|1|5.0
561|1|5.0
562|1|4.5
563|1|5.0
564|1|4.5
565|1|5.0
566|1|5.0
567|1|5.0
568|1|5.0
569|1|5.0
570|1|5.0
571|1|5.0
572|1|5.0
573|1|5.0
574|1|5.0
575|1|4.5
576|2|5.0
577|2|5.0
578|2|5.0
579|2|5.0
580|2|5.0
581|2|5.0
582|2|5.0
583|2|5.0
584|2|5.0
585|2|5.0
586|2|5.0
587|2|5.0
588|2|4.0
589|2|5.0
590|2|4.0
591|2|5.0
592|2|5.0
593|2|5.0
594|2|5.0
595|2|5.0
596|2|5.0
597|2|5.0
598|2|5.0
599|2|5.0
600|2|5.0
601|2|5.0
602|2|5.0
603|2|5.0
604|2|5.0
605|2|5.0
606|2|5.0
607|2|5.0
608|2|5.0
609|2|5.0
610|2|5.0
611|2|5.0
612|2|5.0
613|2|5.0
614|2|5.0
615|2|5.0
616|2|5.0
617|2|5.0
618|2|5.0
619|2|5.0
620|2|5.0
621|2|5.0
622|2|5.0
623|2|5.0
624|2|5.0
625|2|5.0
626|2|5.0
627|2|5.0
628|2|5.0
629|2|5.0
630|2|5.0
631|2|5.0
632|2|5.0
633|2|5.0
634|2|5.0
635|2|5.0
636|2|5.0
637|2|5.0
638|2|5.0
639|2|5.0
640|2|5.0
641|2|4.5
642|2|5.0
643|2|4.5
644|2|5.0
645|2|5.0
646|2|5.0
647|2|5.0
648|2|5.0
649|2|5.0
650|2|5.0
651|2|4.0
652|2|5.0
653|2|5.0
654|2|5.0
655|2|4.5
656|2|5.0
657|2|5.0
658|2|5.0
659|2|5.0
660|2|4.5
661|2|5.0
662|2|5.0
663|2|5.0
664|2|5.0
665|2|5.0
666|2|5.0
667|2|5.0
668|2|5.0
669|2|1.0
670|2|3.0
671|2|5.0
672|2|5.0
673|2|5.0
674|2|5.0
675|2|5.0
676|2|5.0
677|2|5.0
678|2|5.0
679|2|5.0
680|2|5.0
681|2|5.0
682|2|5.0
683|2|5.0
684|2|5.0
685|2|5.0
686|2|5.0
687|2|5.0
688|2|5.0
689|2|5.0
690|2|5.0
691|2|5.0
692|2|5.0
693|2|4.5
694|2|4.5
695|2|4.0
696|2|5.0
697|2|5.0
698|2|5.0
699|2|5.0
700|2|5.0
701|2|5.0
702|2|5.0
703|2|5.0
704|2|5.0
705|2|5.0
706|2|5.0
707|2|5.0
708|3|5.0
709|3|5.0
710|3|4.5
711|3|5.0
712|3|5.0
713|3|4.5
714|3|5.0
715|3|5.0
716|3|5.0
717|3|5.0
718|3|5.0
719|3|5.0
720|3|5.0
721|3|5.0
722|3|4.5
723|3|5.0
658|3|5.0
724|3|5.0
725|3|4.0
726|3|4.0
727|3|4.5
728|3|5.0
729|3|5.0
730|3|5.0
731|3|5.0
732|3|4.5
733|3|5.0
734|3|5.0
735|3|5.0
736|3|5.0
737|3|5.0
738|3|4.5
739|3|5.0
740|3|5.0
741|3|5.0
742|3|4.5
743|3|5.0
744|3|5.0
745|3|5.0
746|3|5.0
747|3|5.0
748|3|5.0
749|3|5.0
750|3|5.0
751|3|5.0
752|3|5.0
753|3|5.0
754|3|5.0
755|3|5.0
756|3|5.0
757|3|5.0
758|3|5.0
759|3|5.0
760|3|4.5
761|3|5.0
762|3|5.0
763|3|5.0
764|3|5.0
765|3|5.0
766|3|5.0
767|3|5.0
768|3|5.0
769|3|5.0
770|3|5.0
771|3|5.0
772|3|5.0
773|3|5.0
774|3|5.0
775|3|5.0
776|3|5.0
777|3|5.0
778|3|5.0
779|3|5.0
780|3|4.0
781|3|5.0
782|3|4.5
783|3|0.5
784|3|4.5
785|3|5.0
786|3|4.5
787|3|5.0
788|3|4.0
789|3|5.0
790|3|5.0
791|3|5.0
792|3|5.0
793|3|5.0
794|3|4.5
795|3|5.0
796|3|5.0
797|3|5.0
798|3|5.0
799|3|5.0
800|3|5.0
801|3|5.0
802|3|5.0
803|3|5.0
804|3|5.0
805|3|5.0
806|3|5.0
807|3|5.0
808|3|5.0
809|3|5.0
810|3|5.0
811|3|4.0
812|3|5.0
813|3|5.0
814|3|5.0
815|3|5.0
816|3|5.0
817|3|5.0
818|3|4.0
819|3|5.0
820|3|5.0
821|3|5.0
822|3|5.0
823|3|5.0
824|3|5.0
825|3|5.0
826|3|5.0
827|3|5.0
828|3|5.0
829|3|5.0
830|3|5.0
831|3|4.5
832|3|5.0
833|3|5.0
834|3|5.0
835|3|5.0
836|3|5.0
837|3|5.0
838|3|5.0
839|3|5.0
840|3|4.5
841|3|5.0
842|3|5.0
843|3|5.0
844|3|5.0
845|3|5.0
846|3|5.0
847|3|5.0
848|3|5.0
849|3|5.0
850|3|5.0
851|3|5.0
852|3|5.0
853|3|4.0
854|4|5.0
855|4|5.0
856|4|5.0
857|4|5.0
858|4|5.0
859|4|5.0
860|4|5.0
861|4|5.0
862|4|5.0
643|4|4.0
863|4|5.0
864|4|5.0
865|4|5.0
866|4|5.0
867|4|5.0
868|4|5.0
869|4|5.0
870|4|5.0
871|4|5.0
872|4|5.0
873|4|5.0
874|4|5.0
875|4|5.0
876|4|5.0
877|4|5.0
878|4|5.0
879|4|5.0
880|4|4.5
881|4|5.0
882|4|5.0
883|4|5.0
884|4|5.0
885|4|4.0
886|4|5.0
887|4|5.0
888|4|5.0
889|4|4.5
890|4|5.0
891|4|5.0
892|4|4.5
893|4|5.0
894|4|5.0
895|4|5.0
896|4|5.0
897|4|5.0
898|4|5.0
899|4|5.0
900|4|5.0
901|4|5.0
902|4|5.0
903|4|5.0
904|4|4.0
905|4|5.0
906|4|5.0
907|4|5.0
908|4|5.0
909|4|5.0
910|4|5.0
911|4|5.0
912|4|5.0
913|4|5.0
914|4|4.5
915|4|5.0
916|4|5.0
917|4|5.0
918|4|5.0
919|4|5.0
920|4|5.0
921|4|4.5
922|4|4.5
923|4|5.0
924|4|5.0
925|4|5.0
926|4|5.0
927|4|4.5
928|4|5.0
929|4|5.0
930|4|5.0
931|4|5.0
932|4|5.0
933|4|5.0
934|4|5.0
935|4|5.0
936|4|5.0
937|4|5.0
938|4|5.0
939|4|5.0
940|4|5.0
941|4|5.0
942|4|5.0
159|4|1.5
943|4|5.0
944|4|4.0
945|4|4.5
946|4|4.5
947|4|5.0
948|4|5.0
949|4|5.0
950|4|5.0
730|4|4.0
951|4|4.5
952|4|5.0
953|4|4.0
954|4|5.0
955|4|5.0
956|4|5.0
957|4|5.0
958|4|4.5
959|4|5.0
960|4|5.0
961|4|4.5
962|4|5.0
963|4|4.0
964|4|4.5
965|4|5.0
966|4|5.0
967|4|4.0
968|4|5.0
969|4|5.0
970|4|5.0
971|4|4.0
972|4|4.0
973|4|5.0
974|4|5.0
975|4|5.0
976|4|5.0
977|4|5.0
978|4|5.0
979|4|5.0
980|4|5.0
981|4|5.0
982|4|5.0
983|4|5.0
984|4|5.0
985|4|5.0
986|4|5.0
987|4|5.0
988|4|5.0
989|4|5.0
990|4|5.0
991|4|5.0
992|4|5.0
993|4|5.0
994|4|5.0
995|4|4.5
996|4|5.0
997|4|5.0
998|4|5.0
999|4|5.0
1000|4|5.0
1001|4|5.0
1002|4|5.0
1003|4|4.0
1004|4|5.0
1005|4|5.0
1006|4|5.0
1007|4|5.0
1008|4|5.0
1009|4|4.0
1010|4|5.0
1011|4|5.0
1012|4|5.0
1013|4|5.0
1014|4|4.5
1015|4|5.0
1016|4|5.0
1017|4|5.0
1018|4|5.0
1019|4|5.0
1020|4|5.0
1021|4|5.0
1022|4|5.0
1023|4|5.0
1024|4|5.0
1025|4|5.0
1026|4|5.0
1027|4|5.0
1028|4|5.0
1029|4|5.0
1030|4|5.0
1031|4|5.0
1032|4|5.0
1033|4|5.0
1034|4|5.0
1035|4|5.0
1036|4|5.0
1037|4|5.0
1038|4|5.0
1039|4|5.0
1040|4|5.0
1041|4|5.0
1042|5|5.0
1043|5|5.0
1044|5|5.0
1045|5|5.0
1046|5|5.0
1047|5|5.0
1048|5|5.0
1049|5|5.0
1050|5|5.0
1051|5|5.0
1052|5|5.0
1053|5|5.0
1054|5|5.0
1055|5|5.0
1056|5|5.0
1057|5|5.0
663|5|5.0
1058|5|5.0
1059|5|5.0
1060|5|4.5
1061|5|5.0
1062|5|4.5
1063|5|5.0
1064|5|5.0
1065|5|5.0
1066|5|5.0
1067|5|5.0
1068|5|5.0
1069|5|5.0
1070|5|5.0
1071|5|5.0
1072|5|5.0
1073|5|5.0
1074|5|5.0
1075|5|5.0
1076|5|5.0
1077|5|4.0
1078|5|5.0
1079|5|5.0
1080|5|4.5
1081|5|5.0
1082|5|5.0
1083|5|4.5
1084|5|5.0
1085|5|5.0
1086|5|4.5
1087|5|5.0
1088|5|5.0
1089|5|4.0
1090|5|5.0
1091|5|5.0
1092|5|5.0
1093|5|5.0
1094|5|5.0
1095|5|5.0
1096|5|4.0
1097|5|5.0
1098|5|5.0
1099|5|5.0
1100|5|4.5
1101|5|4.5
1102|5|5.0
1103|5|5.0
1104|5|5.0
1105|5|5.0
1106|5|5.0
1107|5|5.0
677|5|5.0
1108|5|4.5
1109|5|1.0
1110|5|5.0
1111|5|5.0
1112|5|5.0
1113|5|5.0
1114|5|5.0
1115|5|5.0
1116|5|5.0
1117|5|5.0
1118|5|5.0
1119|5|5.0
1041|5|5.0
1120|6|5.0
1121|6|4.0
1122|6|5.0
1123|6|5.0
1124|6|4.0
1125|6|5.0
1126|6|5.0
1127|6|5.0
1128|6|5.0
1129|6|5.0
1130|6|5.0
1131|6|5.0
1132|6|5.0
1133|6|5.0
1134|6|5.0
1135|6|5.0
1136|6|5.0
1137|6|5.0
1138|6|5.0
1139|6|5.0
1140|6|5.0
1141|6|5.0
1142|6|5.0
1143|6|5.0
575|6|5.0
1144|6|5.0
1145|6|5.0
1146|6|5.0
1147|6|4.5
1148|6|5.0
1149|6|5.0
1150|6|0.5
1151|6|5.0
1152|6|5.0
1153|6|5.0
1154|6|5.0
1155|6|5.0
1156|6|5.0
1157|6|5.0
1158|6|5.0
1159|6|5.0
1160|6|5.0
1161|7|5.0
816|7|5.0
1162|7|5.0
1163|7|5.0
35|7|5.0
1164|7|4.5
575|7|5.0
1165|7|5.0
1166|7|5.0
1120|7|4.0
1167|7|5.0
732|7|5.0
1168|7|5.0
1169|7|5.0
1170|7|5.0
1171|7|4.0
1172|7|5.0
1129|7|5.0
1173|7|5.0
1174|7|5.0
1175|7|5.0
1176|7|5.0
1177|7|4.5
534|7|5.0
1178|7|5.0
1179|7|4.5
1180|7|3.5
1181|7|5.0
1182|7|5.0
867|7|5.0
1183|7|5.0
1184|7|5.0
1185|7|5.0
1186|7|5.0
1187|7|5.0
1188|7|4.5
1142|7|5.0
1189|7|5.0
1190|7|4.0
1191|7|4.0
1192|7|5.0
1193|7|5.0
1194|7|5.0
1195|7|5.0
13|7|5.0
1196|7|5.0
1197|7|5.0
1198|7|5.0
1199|7|5.0
1200|8|5.0
658|8|5.0
1201|8|5.0
1202|8|5.0
1203|8|5.0
1204|8|5.0
1205|9|5.0
1190|9|4.5
1206|9|5.0
1207|9|5.0
1208|9|5.0
1209|9|5.0
1210|9|5.0
1211|9|4.5
1212|9|5.0
1213|9|5.0
1214|9|5.0
1215|9|5.0
533|9|5.0
1216|9|3.0
1217|9|5.0
1218|9|5.0
1219|9|5.0
1220|9|5.0
1221|9|5.0
35|9|5.0
1222|9|5.0
1223|9|5.0
1224|9|4.5
1225|9|5.0
1164|10|4.0
1226|10|5.0
1227|10|4.5
1228|10|5.0
35|10|5.0
1229|10|5.0
1230|10|5.0
1231|10|5.0
1232|10|5.0
1233|10|4.5
1234|10|5.0
1141|10|4.5
1216|10|4.5
1235|10|5.0
424|10|5.0
1236|10|5.0
1237|10|5.0
1170|10|5.0
1238|10|5.0
1239|10|5.0
732|11|5.0
1240|11|5.0
1241|11|5.0
1120|11|5.0
1178|11|5.0
853|11|4.5
1128|11|5.0
35|11|5.0
1242|11|5.0
1243|11|4.5
1244|11|5.0
1245|11|5.0
1246|11|5.0
1247|11|5.0
1248|11|5.0
1249|11|4.5
1216|11|5.0
1229|11|5.0
1188|11|4.5
1142|11|4.0
1250|11|5.0
1251|11|4.5
1252|11|5.0
1194|11|5.0
6|11|4.5
1163|11|4.0
1253|11|4.5
1254|11|5.0
1255|11|5.0
1256|11|5.0
1257|11|5.0
1258|12|5.0
1259|12|5.0
1260|12|5.0
13|12|5.0
1261|12|5.0
1262|12|2.5
1263|12|5.0
1264|12|5.0
1265|12|5.0
1266|12|5.0
1267|12|5.0
6|12|4.0
658|12|3.0
1268|12|4.5
726|12|5.0
1269|12|5.0
1270|12|5.0
1271|12|4.0
1272|12|4.5
424|12|5.0
867|12|4.5
1273|12|5.0
1274|12|5.0
1275|12|5.0
806|12|5.0
1276|12|5.0
1277|12|4.5
1278|12|5.0
1279|12|5.0
1280|12|5.0
1281|12|5.0
1282|12|5.0
738|12|5.0
1283|12|4.5
1102|12|4.5
1284|12|5.0
1285|12|5.0
1180|12|4.0
1286|12|5.0
1287|12|5.0
1288|12|5.0
1289|12|4.5
1290|12|5.0
1291|12|5.0
1292|12|5.0
1293|12|5.0
1191|12|5.0
1294|12|5.0
1295|12|5.0
1040|12|5.0
1296|12|5.0
1297|12|5.0
655|12|5.0
1298|12|5.0
1299|13|5.0
1300|13|5.0
1099|13|5.0
726|13|5.0
1301|13|5.0
1302|13|5.0
1303|13|4.5
1304|14|5.0
1305|14|5.0
1306|14|4.5
1307|14|5.0
1308|14|5.0
1309|14|4.5
1310|14|5.0
1311|14|5.0
1312|14|5.0
1313|14|5.0
1314|14|5.0
1315|14|5.0
1316|14|5.0
1317|14|5.0
1318|14|5.0
1319|14|5.0
1320|14|5.0
1321|14|5.0
1322|14|5.0
1323|14|5.0
34|14|4.0
1324|14|4.5
1242|14|5.0
1325|14|4.0
1326|14|5.0
1327|14|4.5
1328|14|5.0
1329|14|5.0
1330|14|5.0
1331|14|5.0
1332|14|4.0
1333|14|5.0
1334|14|5.0
1335|14|5.0
1336|14|5.0
1337|14|4.5
1338|14|5.0
1339|14|5.0
1340|14|5.0
1341|14|5.0
1342|14|5.0
1343|14|5.0
1344|14|5.0
1345|14|5.0
1346|14|5.0
1347|14|5.0
1348|14|5.0
1349|14|5.0
1350|14|4.5
1351|14|5.0
1352|14|5.0
1353|14|5.0
1354|14|5.0
1355|14|4.5
1356|14|5.0
1357|14|5.0
1358|14|5.0
1359|14|4.5
1360|14|5.0
1361|14|4.0
1362|14|5.0
1363|14|4.5
1364|14|4.0
1365|14|4.0
1366|14|5.0
1367|14|5.0
1368|14|4.0
1369|14|3.5
1370|14|5.0
1371|14|4.5
1372|14|5.0
1373|14|3.5
1374|14|4.0
1375|14|5.0
1376|14|4.0
1377|14|4.5
1378|14|5.0
1379|14|5.0
1380|14|4.0
1381|14|5.0
1382|14|5.0
1383|14|4.0
1384|14|5.0
1385|14|5.0
1386|14|5.0
1387|14|5.0
1388|14|4.5
1389|14|5.0
1390|14|4.5
1391|14|5.0
1392|14|5.0
1393|14|5.0
1394|14|4.5
1395|14|5.0
1396|14|5.0
1397|14|5.0
1002|14|5.0
10|14|5.0
1398|15|5.0
1104|15|5.0
699|15|5.0
1399|15|5.0
1400|15|5.0
1401|15|5.0
1402|15|5.0
1403|15|4.0
1404|15|4.0
663|15|5.0
1405|15|5.0
1406|15|5.0
1407|15|5.0
1408|15|5.0
1409|15|5.0
1410|15|5.0
658|15|4.5
1411|15|5.0
1316|15|5.0
726|15|5.0
38|15|5.0
1101|15|4.0
1100|15|5.0
1412|15|5.0
802|15|5.0
1331|15|4.0
1413|15|3.0
706|15|5.0
1414|15|5.0
1120|16|4.5
575|16|5.0
1415|16|5.0
1416|16|5.0
38|16|5.0
1417|16|5.0
1418|16|5.0
1171|16|5.0
1199|16|3.5
1184|16|5.0
1240|16|5.0
1419|16|5.0
1420|16|5.0
1421|16|4.5
1422|16|5.0
1216|16|3.5
1423|16|5.0
1424|16|5.0
1425|17|5.0
1426|17|5.0
1427|17|5.0
1428|17|5.0
1429|17|5.0
1430|17|5.0
1431|17|5.0
1432|17|1.0
1222|17|5.0
1433|17|5.0
1243|17|5.0
1434|17|5.0
1435|17|5.0
1436|17|5.0
1437|17|4.5
1438|17|3.5
1121|17|4.0
1169|17|5.0
1439|17|5.0
1440|17|5.0
1441|17|5.0
1442|17|5.0
1235|17|5.0
1443|18|5.0
1444|18|5.0
1445|18|5.0
604|18|5.0
663|18|5.0
1446|18|4.0
1447|18|5.0
1448|19|5.0
1449|19|4.5
1450|19|5.0
6|19|5.0
1163|19|5.0
1451|20|4.5
1452|20|5.0
1453|20|5.0
1454|20|5.0
725|20|4.0
1455|20|4.0
1456|20|4.5
1457|20|5.0
1458|20|5.0
1459|20|5.0
1460|20|5.0
1461|20|5.0
1462|20|4.5
1463|20|4.0
1464|20|5.0
1465|20|4.5
1466|20|4.5
1467|20|4.5
1468|20|5.0
1469|20|5.0
1470|20|4.5
1471|20|5.0
1472|20|5.0
1473|20|4.5
1474|20|5.0
1475|20|4.5
1476|20|5.0
1477|20|3.5
1478|20|5.0
1479|20|5.0
1480|20|5.0
1481|20|5.0
1482|20|5.0
1129|21|5.0
1136|21|5.0
1483|21|5.0
1484|21|5.0
1180|21|4.0
1185|21|5.0
1485|21|5.0
1486|21|5.0
1487|21|4.0
6|21|5.0
1416|22|5.0
1259|22|5.0
732|22|5.0
662|23|5.0
663|23|5.0
1488|23|5.0
1489|23|5.0
658|23|5.0
727|23|3.0
1407|23|5.0
1490|23|5.0
1103|23|5.0
1491|24|5.0
1407|24|5.0
1413|24|5.0
1300|25|4.0
1492|25|5.0
1493|25|5.0
1494|25|5.0
1495|25|5.0
1496|25|5.0
732|26|5.0
1233|26|4.5
1497|26|4.5
1498|26|4.5
575|26|5.0
1499|26|5.0
1500|26|5.0
1501|26|5.0
1502|26|2.5
1132|26|5.0
1503|26|4.5
537|26|5.0
247|26|5.0
867|26|4.5
1504|26|5.0
816|26|5.0
1185|26|5.0
1505|26|4.5
1328|26|5.0
35|26|4.5
1506|27|5.0
1271|27|5.0
1507|27|5.0
1508|27|5.0
1509|27|5.0
1510|27|5.0
1511|27|5.0
1512|27|3.5
13|27|5.0
1513|27|4.0
1120|28|4.0
1514|28|4.5
1515|28|5.0
35|28|5.0
1516|28|5.0
1517|28|5.0
1518|28|4.5
1519|28|5.0
1259|28|5.0
727|28|4.5
1520|28|4.5
1521|28|5.0
1522|28|4.5
560|28|5.0
1523|28|4.0
1524|28|5.0
1525|28|4.5
1526|28|5.0
1527|28|4.0
1528|28|4.5
33|28|4.0
1416|28|5.0
1529|28|5.0
1530|28|5.0
35|29|5.0
727|29|3.5
424|29|5.0
663|29|5.0
1170|29|5.0
1216|29|5.0
1163|29|5.0
1531|29|4.5
1190|29|4.5
1500|29|4.5
1415|29|5.0
1532|30|5.0
1533|30|5.0
1100|30|4.5
1534|30|4.5
1535|30|5.0
1536|31|4.5
1537|31|5.0
706|31|5.0
1538|31|5.0
1539|31|5.0
1540|31|3.5
1541|31|4.5
204|31|4.5
1542|31|4.0
57|31|4.5
1543|31|5.0
1544|31|5.0
1545|31|5.0
1546|31|1.0
1519|31|5.0
1547|31|4.0
1548|31|5.0
1549|31|5.0
1550|31|5.0
1551|31|3.0
1552|31|5.0
1553|31|5.0
564|31|5.0
1554|31|4.0
1555|31|5.0
1556|31|5.0
1557|31|5.0
1558|31|5.0
1559|31|5.0
1560|31|4.5
1561|31|5.0
1562|31|4.5
1563|31|5.0
1564|31|5.0
1328|31|4.0
1443|32|5.0
1040|32|5.0
1565|32|5.0
1566|32|5.0
655|32|4.5
1532|32|4.5
1103|32|1.0
1567|32|5.0
1568|32|5.0
1569|32|5.0
1570|32|5.0
1571|32|5.0
585|32|5.0
699|32|5.0
1572|32|5.0
1573|32|5.0
1574|32|5.0
658|32|1.0
1575|32|4.0
1522|32|5.0
1219|32|5.0
1576|32|5.0
1577|32|5.0
1301|32|4.0
6|32|5.0
1578|32|5.0
1413|32|4.0
1579|32|5.0
1291|32|4.0
1580|32|5.0
1581|32|4.5
1582|32|3.5
1583|32|4.5
1041|32|5.0
1584|32|4.0
1585|32|5.0
1120|33|5.0
1128|33|5.0
1516|33|4.0
6|33|4.0
727|33|4.5
1586|33|4.0
1587|33|5.0
1588|33|5.0
1184|33|5.0
1520|33|4.0
1589|33|5.0
560|33|5.0
1163|33|5.0
1253|33|5.0
35|33|4.5
1590|33|4.0
1591|34|5.0
1592|34|5.0
1593|34|4.0
663|34|5.0
1180|34|4.0
1185|34|4.0
1594|34|5.0
1595|34|5.0
1193|34|5.0
1596|34|5.0
1196|34|4.0
732|35|4.0
1597|35|5.0
1598|35|5.0
1194|35|5.0
658|35|3.5
1599|35|5.0
1600|35|4.0
1219|35|3.0
1193|35|4.5
1601|35|3.0
1416|35|4.5
1602|35|5.0
1603|35|5.0
36|35|4.5
1271|35|5.0
1604|35|4.0
1605|35|3.5
867|35|4.5
663|35|5.0
802|35|5.0
1217|35|5.0
1606|35|4.5
1180|35|5.0
1531|35|5.0
1446|35|5.0
1607|35|5.0
10|35|5.0
1129|35|4.0
1608|35|5.0
1609|35|5.0
1610|35|5.0
1611|35|5.0
1262|36|5.0
1401|36|5.0
699|36|5.0
1612|36|5.0
1613|36|4.5
1614|36|5.0
1615|36|0.5
1616|36|2.0
802|36|5.0
1500|36|5.0
1103|36|5.0
853|36|5.0
1519|36|5.0
1413|36|5.0
1207|37|5.0
1617|37|5.0
1618|38|5.0
1180|38|5.0
1285|39|5.0
1619|39|5.0
1620|40|5.0
1621|40|5.0
802|41|5.0
1484|41|5.0
1622|42|5.0
1623|42|5.0
1100|43|5.0
1413|43|5.0
1624|44|5.0
1625|44|5.0
1448|45|5.0
1626|45|4.5
1163|45|5.0
1627|46|5.0
1132|46|5.0
1222|46|4.5
1628|46|5.0
1629|46|3.5
1630|46|5.0
1207|47|5.0
1631|47|4.5
1632|47|4.0
1633|47|5.0
1617|47|5.0
1606|47|4.0
1519|47|5.0
35|48|5.0
1634|48|4.0
1133|48|5.0
663|48|5.0
746|48|5.0
1128|48|4.0
1635|48|5.0
1194|48|4.0
1040|49|5.0
1636|49|5.0
1637|49|5.0
1638|49|5.0
802|49|4.0
643|49|4.0
1291|49|5.0
1639|49|5.0
1044|49|3.0
706|49|5.0
1640|49|5.0
1444|49|4.0
1641|49|2.0
1642|49|4.5
1541|49|5.0
1230|49|5.0
1643|49|5.0
10|49|5.0
1055|49|5.0
1117|49|5.0
1644|49|3.0
1645|49|5.0
1646|50|5.0
1519|50|4.5
802|50|4.5
1532|50|3.5
1205|50|5.0
1211|50|5.0
1598|50|5.0
1647|50|5.0
727|50|3.0
1599|50|5.0
1648|50|5.0
1614|50|2.5
1240|50|5.0
1103|50|5.0
1649|50|5.0
1532|51|5.0
1413|51|5.0
13|51|5.0
727|51|2.5
726|51|4.5
1650|51|5.0
1101|51|4.0
1580|51|4.5
1412|51|5.0
1104|51|5.0
1205|52|5.0
1216|52|4.0
1211|52|2.0
1188|52|4.0
699|52|5.0
1651|52|5.0
1652|52|5.0
1270|52|2.0
1653|52|5.0
1654|52|5.0
538|52|5.0
1655|52|5.0
1103|52|5.0
853|52|4.5
1656|52|5.0
1131|52|5.0
1128|53|5.0
1240|53|5.0
1657|53|5.0
1171|53|5.0
1190|53|4.0
1131|53|5.0
1658|53|5.0
1659|53|3.0
1250|53|4.0
1272|54|3.5
1366|54|5.0
1660|54|4.0
1661|54|5.0
33|54|4.0
1662|54|5.0
204|54|5.0
1663|54|5.0
382|54|4.5
1664|55|5.0
35|55|4.5
1420|55|4.0
1665|55|3.5
1666|55|4.5
1667|55|5.0
573|55|5.0
1542|55|4.5
1668|55|5.0
1669|56|5.0
13|56|4.0
1670|56|5.0
853|56|4.0
1613|56|5.0
1671|57|5.0
1538|57|5.0
1537|57|5.0
1540|57|4.0
540|57|4.5
17|57|5.0
1672|57|4.5
1660|57|3.5
658|57|4.5
1673|57|5.0
1674|57|5.0
727|57|3.0
1675|57|1.0
1545|57|4.5
1676|57|1.0
1548|57|5.0
1549|57|5.0
1550|57|5.0
1551|57|4.0
1677|57|5.0
1560|57|5.0
1562|57|5.0
1678|57|4.5
1541|57|4.5
1536|57|5.0
1230|57|2.0
1448|57|5.0
1679|57|5.0
732|58|5.0
816|58|4.5
1259|58|4.5
1613|59|5.0
1680|59|4.5
1681|59|4.5
1262|60|5.0
1532|60|4.5
1682|60|4.5
1683|61|4.0
1684|61|5.0
1195|61|5.0
1532|62|5.0
1283|62|5.0
1129|62|4.0
1685|63|5.0
1228|63|5.0
1216|63|5.0
1120|63|5.0
1128|63|5.0
1590|63|1.0
1416|63|4.5
727|63|4.0
1199|63|5.0
1520|63|3.5
1196|63|5.0
1686|63|4.0
1687|64|5.0
1688|64|5.0
1689|64|5.0
1690|64|4.0
1691|64|5.0
802|64|3.0
1692|65|4.5
842|65|5.0
33|66|4.5
1693|66|5.0
1416|67|4.5
1694|67|4.5
727|67|4.0
1522|67|4.5
1695|67|5.0
1696|68|5.0
1180|68|4.5
13|68|4.5
1141|68|4.0
1403|69|5.0
1697|69|3.5
604|69|4.0
1580|69|5.0
1194|69|4.0
1101|69|4.0
1698|69|2.0
802|69|5.0
821|69|5.0
1041|69|5.0
1500|69|5.0
1699|70|5.0
1593|71|5.0
727|72|3.5
1700|72|5.0
35|72|5.0
1701|73|5.0
1413|74|5.0
1285|75|5.0
1702|76|5.0
1703|77|5.0
1704|78|5.0
1705|79|5.0
1706|80|5.0
1707|81|5.0
1708|82|5.0
1413|83|5.0
1709|84|5.0
1710|85|5.0
1711|86|5.0
1120|87|3.5
1291|87|3.5
1712|87|5.0
10|87|4.0
1163|87|5.0
1573|87|5.0
1708|88|3.0
1713|88|4.0
817|88|5.0
699|88|5.0
13|88|5.0
1613|88|4.0
1714|89|5.0
663|89|5.0
1128|89|4.0
1715|89|5.0
1716|89|5.0
1180|89|5.0
1188|89|4.0
1717|89|4.0
1595|89|3.5
1162|89|1.5
1718|90|5.0
1719|90|1.5
1720|90|5.0
575|90|5.0
1721|90|5.0
1722|90|4.5
1723|90|2.5
1487|90|2.5
1631|90|4.5
1724|90|5.0
1725|90|5.0
1514|90|4.5
1134|90|4.5
1136|90|2.5
1726|90|5.0
1727|90|5.0
1728|90|4.0
1729|90|3.5
538|90|5.0
1230|90|3.0
1730|90|5.0
1120|91|4.5
1416|91|4.5
727|91|4.5
1590|91|4.0
1731|92|4.0
1732|92|2.5
913|92|5.0
1401|92|5.0
1733|92|5.0
1120|93|3.0
1726|93|3.5
1734|93|3.0
1735|93|4.0
35|93|4.5
1221|93|4.0
727|93|3.0
57|93|4.5
1736|93|5.0
1737|93|5.0
1446|93|5.0
1738|93|4.5
1163|93|5.0
1739|93|4.5
6|93|5.0
1626|94|4.5
1740|94|4.0
1593|94|4.0
1522|94|4.0
1741|94|4.0
1742|94|4.5
1743|94|5.0
1040|95|5.0
57|95|3.0
1541|95|5.0
1744|95|2.5
1745|95|5.0
1746|95|5.0
1747|96|5.0
1190|96|4.0
727|97|4.0
1748|97|5.0
1749|98|5.0
853|98|4.0
1180|99|5.0
13|99|4.0
1750|100|4.5
1180|100|4.5
1270|101|4.0
846|101|5.0
1751|102|4.5
1593|102|3.0
1620|102|5.0
1752|102|4.5
566|102|4.0
1753|102|4.5
1754|102|4.0
1199|103|5.0
1158|103|4.0
1121|103|4.0
1483|104|5.0
1404|104|3.0
1755|104|5.0
1262|105|5.0
1316|105|4.5
1300|105|3.5
1300|106|4.0
726|106|5.0
1100|106|4.0
1316|107|5.0
1270|107|4.5
1060|107|3.5
6|108|5.0
33|108|4.0
867|108|4.5
1756|108|4.5
1757|108|3.5
1758|108|2.0
1443|108|4.0
1573|108|5.0
35|108|4.5
1759|108|4.0
1760|109|5.0
1761|109|4.0
1762|109|4.0
1763|109|4.0
1764|109|4.0
1708|109|4.5
1286|109|1.5
1532|109|1.5
1765|109|4.0
1766|109|4.5
1649|109|5.0
1262|109|5.0
1767|109|1.0
1768|109|2.0
1769|109|4.5
1770|109|3.5
1771|109|5.0
780|109|4.0
1772|109|4.5
1211|109|2.0
1773|109|4.0
1774|109|4.5
1625|109|3.5
1775|109|5.0
1776|109|3.5
1777|109|2.0
1778|109|4.5
1779|109|3.0
1780|109|3.0
1781|109|3.5
1782|109|4.0
1783|109|5.0
1784|109|3.5
1785|109|5.0
1786|109|5.0
1787|109|5.0
1788|109|3.5
1407|109|3.0
853|109|0.5
1789|109|1.5
1790|109|5.0
1413|109|5.0
1791|109|4.0
1792|109|4.5
1793|109|5.0
1794|109|4.5
1795|109|4.5
1796|109|5.0
1797|109|4.0
1798|109|5.0
1799|109|5.0
1800|109|5.0
1401|109|4.0
1801|109|4.5
1802|109|5.0
1803|109|4.0
1804|109|4.5
1805|109|4.0
1806|109|5.0
1807|109|5.0
1808|109|4.0
1809|109|5.0
1810|109|1.0
1811|109|4.0
1812|109|5.0
1128|110|2.5
1508|110|5.0
1593|110|5.0
1520|110|4.0
1525|110|4.0
1813|110|5.0
1739|110|4.0
1131|110|2.0
1814|110|5.0
1815|111|2.0
1532|111|4.5
1228|111|4.0
1121|111|4.0
1416|111|4.5
1816|111|5.0
1817|111|5.0
13|111|3.5
1205|112|4.5
1413|112|4.5
1131|112|4.0
1211|112|5.0
1401|112|5.0
1818|112|4.0
1819|112|5.0
1820|112|5.0
1821|112|1.0
538|112|5.0
13|112|5.0
1230|112|2.0
853|112|3.0
1103|112|2.0
604|113|3.0
1822|113|5.0
1407|113|5.0
13|113|4.5
1646|113|1.5
1823|113|3.0
1291|113|4.0
1824|113|5.0
1825|113|5.0
1826|113|4.0
1827|114|4.0
13|114|2.5
1828|114|5.0
663|114|5.0
1829|115|2.5
1136|115|5.0
1477|115|5.0
1251|116|2.5
1169|116|4.0
663|116|5.0
1163|116|4.5
1162|116|4.0
1196|116|4.5
1830|117|4.5
1593|117|3.0
1831|117|5.0
1520|118|4.0
1832|118|4.5
727|119|3.5
1522|119|5.0
1520|120|4.5
1128|120|4.0
1833|121|4.5
1834|121|4.0
1285|122|3.0
1401|122|4.5
13|122|4.0
1446|122|1.0
1745|122|5.0
658|122|4.5
1835|122|5.0
1836|122|4.0
802|122|5.0
813|122|2.5
1541|122|5.0
1407|122|4.0
1837|122|3.5
853|122|4.0
1103|122|0.5
1838|122|5.0
1291|122|4.5
1839|122|2.5
1840|122|5.0
1190|123|3.5
816|123|4.5
1841|123|5.0
1842|123|5.0
312|123|4.0
1843|123|4.0
1844|123|1.0
1415|124|4.5
1755|125|4.5
33|126|4.5
35|127|4.5
1845|128|4.5
1846|129|4.5
1847|130|2.0
1813|130|4.5
1609|130|3.5
1848|130|4.5
1593|130|4.0
1141|130|2.0
1610|130|5.0
1163|130|4.5
1598|130|5.0
35|130|5.0
1195|130|3.0
663|131|5.0
1190|131|2.5
1128|131|4.0
1739|131|4.5
658|132|4.0
1849|132|1.0
1283|132|5.0
1682|132|5.0
35|133|5.0
1850|133|0.5
1851|133|5.0
1191|134|5.0
1163|134|3.5
1128|134|3.5
6|134|2.0
1195|134|2.0
1449|134|4.0
1852|134|4.5
1853|134|5.0
1854|134|5.0
1855|134|4.5
1576|134|2.0
1856|134|4.0
1857|134|4.0
1858|134|4.0
1859|134|2.5
1860|134|2.5
867|134|3.0
1861|134|4.5
1862|134|3.0
1863|134|3.5
1864|134|5.0
913|134|4.5
1577|134|5.0
1865|134|5.0
1866|134|5.0
1867|134|4.0
1868|134|1.5
1181|134|3.0
1247|134|3.0
1869|134|4.5
1870|134|2.0
1871|134|5.0
1872|134|4.0
1873|134|1.5
1874|134|2.0
1180|134|3.5
1875|134|5.0
1876|134|4.5
1877|134|5.0
1878|134|5.0
1879|134|5.0
35|134|4.5
1196|134|4.0
1514|135|2.0
1880|135|5.0
1881|135|4.5
1134|135|4.5
1882|135|5.0
1883|135|4.0
1884|135|1.5
727|136|4.0
1885|136|3.0
1216|136|4.0
1500|136|5.0
1886|137|3.0
1180|137|3.5
1887|137|5.0
1888|137|4.5
1271|138|5.0
13|138|2.5
1889|138|5.0
1890|138|0.5
1891|138|5.0
1537|139|5.0
727|139|3.5
1180|139|3.5
1892|140|4.0
1129|140|3.5
1893|140|4.5
867|141|4.0
1484|141|4.0
1216|141|2.0
1894|141|5.0
1171|141|3.5
6|141|4.0
35|141|5.0
1614|141|5.0
1895|141|1.5
1170|141|4.0
1832|141|3.5
1593|142|3.0
1756|142|4.0
730|142|5.0
541|142|3.5
1896|142|3.5
10|142|5.0
1598|142|3.0
1736|143|4.5
1011|143|5.0
35|143|5.0
1221|143|3.0
727|143|1.0
1897|143|2.0
1163|143|5.0
1898|144|4.5
1401|144|0.5
566|144|0.5
1899|144|5.0
1900|144|4.0
1901|144|4.0
1764|144|4.0
1268|144|5.0
1789|144|4.0
1902|144|3.5
6|145|4.0
1903|145|2.0
1120|145|4.0
732|145|5.0
1601|145|4.0
1614|145|5.0
1134|145|4.0
1904|145|3.5
730|145|3.0
1171|145|4.0
1620|145|3.5
853|145|4.0
1259|145|4.0
541|145|2.0
1522|145|4.5
1497|145|3.5
1905|146|4.5
1906|146|3.5
1262|147|5.0
1764|147|3.0
541|147|4.0
640|147|5.0
1532|147|2.0
658|147|4.0
38|147|2.5
1205|147|5.0
1102|147|3.0
1484|147|5.0
1285|147|4.0
1907|147|3.5
1407|147|3.0
1413|147|5.0
1104|147|2.0
1597|148|5.0
1567|148|4.0
1443|148|3.5
604|148|3.5
1230|148|3.0
631|148|4.0
1262|149|2.5
1908|149|5.0
382|149|4.0
1128|150|4.0
604|150|3.5
1532|150|3.5
1909|150|0.5
1910|150|4.5
1911|150|3.0
821|150|5.0
1180|150|3.0
1283|150|5.0
1169|151|4.0
1103|152|4.0
1503|153|4.0
1912|154|4.0
1913|155|4.0
704|156|4.0
1914|157|4.0
1915|158|4.0
1532|159|4.0
1190|160|4.0
1694|161|4.0
1128|162|3.5
1916|162|2.0
802|162|5.0
1180|162|4.0
1917|163|4.0
1918|163|4.5
1919|163|5.0
1920|163|5.0
658|163|3.5
1921|163|1.0
1922|163|4.5
1923|163|4.5
1924|163|3.0
1270|163|5.0
1925|163|5.0
1926|163|1.0
842|163|3.0
1927|163|3.0
1928|163|1.5
13|163|3.0
1619|163|0.5
49|164|4.0
1221|164|3.5
1732|165|4.0
1929|165|3.5
1541|166|4.0
689|166|3.5
732|167|3.0
1187|167|4.0
1193|167|4.0
1285|168|4.0
35|168|4.0
1524|168|3.5
1443|168|3.0
727|169|2.0
1930|169|5.0
1291|170|2.5
1833|170|2.5
33|170|3.5
1692|170|4.0
1931|170|5.0
1932|171|1.0
1593|171|4.0
1933|171|5.0
1163|171|4.0
1752|171|1.0
1934|171|5.0
1935|171|2.0
1936|171|4.5
1937|171|4.5
1938|171|0.5
1818|171|0.5
1939|171|3.5
1397|171|4.0
1194|171|3.0
1620|171|3.5
840|171|0.5
1519|171|4.0
1187|171|4.0
1940|171|5.0
1193|171|3.5
1941|171|2.5
1497|171|3.0
1942|171|5.0
1188|171|3.0
1134|172|0.5
1180|172|0.5
1593|172|4.0
1943|172|4.5
35|172|5.0
1593|173|3.0
1944|173|4.0
1945|173|3.5
1413|174|1.0
1619|174|0.5
1262|174|0.5
1532|174|4.0
1946|174|3.0
1947|174|4.0
1948|174|4.5
1949|174|3.5
1283|174|5.0
802|174|4.5
1310|175|4.5
1950|175|4.0
1377|175|2.5
1306|175|2.5
1120|176|2.0
1951|176|1.5
1262|176|5.0
1233|176|1.5
540|176|1.0
13|176|3.0
1952|176|5.0
658|176|5.0
1953|176|5.0
1731|176|1.5
1954|176|4.0
1955|176|4.0
1956|176|1.0
1957|176|0.5
1958|176|2.0
1959|176|2.5
1960|176|5.0
1217|176|2.0
1961|176|4.0
1962|176|4.0
1963|176|5.0
1964|176|2.5
604|176|4.0
33|177|3.5
727|178|3.5
1180|179|3.5
13|180|3.5
1965|181|3.5
1966|182|3.5
1222|183|3.0
1128|183|4.0
1967|183|3.0
853|184|3.5
867|184|3.5
1180|184|4.0
1141|184|2.0
534|185|4.0
35|185|4.5
1968|185|4.5
1969|185|1.0
1586|185|4.5
1970|185|5.0
1971|185|3.0
1972|185|4.0
1973|185|2.0
1600|185|4.0
1852|185|4.5
1751|185|4.0
1129|185|3.5
1974|185|3.0
1975|185|3.0
1976|185|1.5
1977|185|2.0
1978|185|1.0
1979|185|2.0
1980|185|1.5
1981|185|1.0
867|185|3.5
1982|185|3.0
1983|185|2.5
1984|185|4.0
13|186|3.5
1834|186|3.0
13|187|3.5
1985|187|4.5
1190|187|3.0
1519|187|1.0
1986|188|5.0
1987|188|5.0
1259|188|3.0
1988|188|3.0
1270|188|1.0
1726|188|2.0
1989|188|1.0
1180|188|1.0
1990|188|1.5
1187|188|1.0
1128|188|2.0
10|188|1.0
46|188|5.0
459|188|4.5
867|188|3.5
1606|188|3.0
1991|188|4.5
1992|188|5.0
1993|189|4.5
1994|189|0.5
1995|189|2.0
1996|189|5.0
1454|189|2.0
1997|190|4.0
1271|190|2.0
853|191|3.0
1580|191|4.0
1818|191|2.0
1532|192|4.0
1998|192|1.0
658|192|2.0
1283|192|2.0
1285|192|5.0
1999|193|3.0
1541|194|3.0
699|194|3.0
1503|195|3.0
2000|196|3.0
821|197|2.0
2001|197|3.0
1291|197|3.5
6|198|2.0
1233|198|3.5
1129|198|3.0
2002|198|3.5
1739|198|2.0
604|199|1.0
1660|199|3.5
1230|199|0.5
1404|199|4.5
2003|200|1.0
1291|200|1.0
1519|200|2.0
2004|200|4.5
2005|200|1.5
1190|200|1.5
1193|200|2.5
33|200|2.5
1300|200|0.5
1454|200|1.0
2006|200|1.0
2007|200|5.0
1739|200|4.5
35|200|5.0
1271|201|2.5
1272|202|2.5
1180|203|2.5
1262|204|2.5
2008|205|2.0
1613|206|2.0
2009|207|1.5
1928|208|0.5
699|208|1.0
1291|208|3.0
867|209|2.0
1211|209|1.0
1532|210|0.5
1134|211|0.5
2010|212|0.5
2011|212|3.0
1416|212|1.5
727|212|1.5
2012|212|1.0
2013|212|1.0
2014|213|0.5
2015|213|0.5
2016|214|1.0
1412|214|0.5
2017|214|0.5
